  2.1079958e+001  5.0089969e+001  1.3319956e+001  1.3579974e+001
  1.8370006e+001  4.9629963e+001  1.5649983e+001  1.4409955e+001
  1.5349956e+001  4.8629963e+001  1.9059969e+001  1.5039949e+001
  2.1589953e+001  4.5569964e+001  1.9400006e+001  1.1519974e+001
  1.7880001e+001  5.0089969e+001  1.5349956e+001  1.4759941e+001
  2.1249947e+001  5.0669942e+001  1.2309977e+001  1.3849940e+001
  1.6189947e+001  5.4609943e+001  9.9499496e+000  1.7319987e+001
  1.5849940e+001  4.5859981e+001  2.2769982e+001  1.3589984e+001
  2.0579943e+001  4.5129948e+001  2.0749962e+001  1.1619984e+001
  1.8549944e+001  4.9499985e+001  1.5689962e+001  1.4339976e+001
  1.9400006e+001  4.6149968e+001  2.0069948e+001  1.2459975e+001
  1.6019959e+001  4.9499985e+001  1.7370006e+001  1.5179998e+001
  1.8049959e+001  4.7609943e+001  1.8719962e+001  1.3699942e+001
  1.6529954e+001  4.6430006e+001  2.1419996e+001  1.3699942e+001
  1.9729972e+001  5.2129948e+001  1.1299997e+001  1.4909940e+001
  1.5179998e+001  5.0089969e+001  1.7029939e+001  1.5769982e+001
  1.8889981e+001  4.6579943e+001  1.9729972e+001  1.2869991e+001
  1.5689962e+001  5.1829981e+001  1.4339976e+001  1.6229957e+001
  2.1419996e+001  4.4389996e+001  2.1079958e+001  1.1179998e+001
  1.9899991e+001  5.2709952e+001  1.0289956e+001  1.5179998e+001
  1.8769982e+001  4.9249947e+001  1.3319956e+001  1.6729972e+001
  2.0239967e+001  4.4259987e+001  2.2089969e+001  1.1489975e+001
  1.9559954e+001  4.7609943e+001  1.7709952e+001  1.3189947e+001
  1.5009949e+001  5.4019959e+001  1.1639943e+001  1.7409986e+001
  1.7370006e+001  4.9790002e+001  1.6019959e+001  1.4889950e+001
  1.8719962e+001  4.6149968e+001  2.0409986e+001  1.2799982e+001
  2.0749962e+001  4.9940001e+001  1.3659963e+001  1.3729942e+001
  2.0069948e+001  5.2419996e+001  1.0629963e+001  1.4959990e+001
  1.7029939e+001  4.5989990e+001  2.1760002e+001  1.3289956e+001
  1.5519974e+001  4.9219947e+001  1.8049959e+001  1.5299997e+001
  2.0910001e+001  5.1850002e+001  1.0959990e+001  1.4349956e+001
  1.7539964e+001  4.8189947e+001  1.8379986e+001  1.3970000e+001
  1.6699973e+001  5.2569964e+001  1.2649983e+001  1.6159948e+001
  1.7709952e+001  5.0669942e+001  1.4669942e+001  1.5030000e+001
  1.9059969e+001  4.9790002e+001  1.5009949e+001  1.4219977e+001
  1.6359996e+001  5.1699973e+001  1.4000000e+001  1.6019959e+001
  2.0409986e+001  4.3529954e+001  2.3109958e+001  1.1030000e+001
  1.8379986e+001  5.1539964e+001  1.2989990e+001  1.5159948e+001
  1.9229957e+001  4.8469985e+001  1.6699973e+001  1.3679983e+001
  1.7199957e+001  4.5419996e+001  2.2430006e+001  1.3019990e+001
